3 0.43066322136089574 0.38695090439276486 0.041343669250645976 0.05555555555555557
3 0.46511627906976727 0.3895348837209302 0.03445305770887174 0.05038759689922479
3 0.4332472006890612 0.4502583979328165 0.03962101636520238 0.05297157622739022
3 0.4883720930232559 0.4444444444444444 0.029285099052540956 0.046511627906976744
3 0.4349698535745047 0.625968992248062 0.029285099052540956 0.04263565891472879
3 0.4737295434969854 0.6253229974160207 0.034453057708871596 0.04651162790697676
3 0.4435831180017227 0.6841085271317828 0.03273040482342814 0.042635658914728654
3 0.47545219638242897 0.6866925064599484 0.031007751937984485 0.042635658914728654
2 0.7906976744186046 0.8036175710594315 0.07235142118863053 0.03100775193798455
5 0.5279931093884582 0.8003875968992247 0.10163652024117141 0.0400516795865633
