3 0.45680473372781066 0.04082840236686391 0.039447731755424084 0.05088757396449704
3 0.4142011834319526 0.04437869822485207 0.04260355029585796 0.05088757396449704
0 0.4796844181459566 0.10177514792899409 0.04102564102564102 0.05680473372781067
0 0.4126232741617357 0.10118343195266272 0.03313609467455621 0.05325443786982248
1 0.49861932938856013 0.34911242603550297 0.056804733727810724 0.05917159763313609
0 0.655621301775148 0.46568047337278107 0.07416173570019723 0.04378698224852073
2 0.7739644970414201 0.465680473372781 0.0804733727810651 0.03668639053254445
3 0.4560157790927022 0.3479289940828402 0.03786982248520715 0.0473372781065089
3 0.4205128205128205 0.35207100591715973 0.03313609467455621 0.05088757396449701
3 0.4583826429980276 0.29112426035502964 0.04575936883629197 0.05207100591715982
3 0.422879684418146 0.28994082840236685 0.03786982248520708 0.04733727810650883
1 0.5325443786982248 0.6497041420118344 0.07731755424063116 0.05917159763313606
