4 0.12338501291989665 0.4153746770025839 0.09948320413436691 0.047803617571059435
4 0.2771317829457364 0.4186046511627907 0.1020671834625323 0.04392764857881133
4 0.4289405684754522 0.4179586563307494 0.10077519379844958 0.05038759689922479
4 0.5813953488372093 0.41472868217054265 0.10077519379844958 0.04651162790697683
4 0.7370801033591732 0.41472868217054265 0.10723514211886297 0.04651162790697683
4 0.8901808785529716 0.41731266149870805 0.10852713178294565 0.049095607235142114
3 0.8708010335917313 0.609173126614987 0.14728682170542626 0.0710594315245477
3 0.6692506459948321 0.6091731266149871 0.1602067183462532 0.07364341085271327
2 0.4819121447028424 0.6091731266149871 0.15503875968992253 0.07881136950904398
2 0.27454780361757103 0.6098191214470283 0.16666666666666669 0.0697674418604651
