1 0.07945736434108527 0.6169250645994832 0.047803617571059435 0.04780361757105936
1 0.1317829457364341 0.6175710594315246 0.04392764857881137 0.05684754521963825
4 0.9366925064599484 0.375968992248062 0.02067183462532313 0.03359173126614991
4 0.9366925064599484 0.4302325581395348 0.02067183462532313 0.03359173126614984
4 0.9366925064599482 0.4806201550387597 0.018087855297157632 0.03875968992248069
4 0.936046511627907 0.539405684754522 0.01937984496124031 0.03746770025839794
4 0.937984496124031 0.5910852713178295 0.023255813953488483 0.0322997416020673
4 0.9366925064599482 0.6434108527131782 0.018087855297157632 0.03875968992248055
3 0.8675710594315246 0.6369509043927648 0.03229974160206723 0.05426356589147275
3 0.8688630490956072 0.5704134366925065 0.03229974160206723 0.05813953488372093
2 0.8695090439276485 0.5025839793281653 0.03100775193798455 0.06201550387596903
2 0.8682170542635659 0.42894056847545214 0.03359173126614991 0.05167958656330747
