2 0.27956371986222733 0.37256027554535015 0.17566016073478763 0.09070034443168766
2 0.4856486796785304 0.3949483352468427 0.18599311136624563 0.12399540757749712
3 0.6882893226176807 0.4190585533869116 0.1435132032146957 0.0987370838117107
3 0.878300803673938 0.4506314580941446 0.15154994259471877 0.09529276693455799
4 0.2502870264064294 0.5539609644087257 0.12399540757749708 0.0700344431687715
4 0.42135476463834676 0.5780711825487944 0.10562571756601606 0.09299655568312282
4 0.5711825487944892 0.6102181400688864 0.11825487944890924 0.10218140068886342
4 0.7175660160734787 0.6257175660160734 0.12399540757749719 0.07807118254879442
4 0.8714121699196327 0.6521239954075776 0.13088404133180262 0.09873708381171084
4 0.10907003444316876 0.5413318025258324 0.11710677382319172 0.07233065442020667
