4 0.8510230179028133 0.42007672634271104 0.11381074168797951 0.07544757033248083
4 0.6943734015345268 0.5601023017902813 0.09974424552429681 0.05882352941176471
4 0.8523017902813299 0.6323529411764706 0.06265984654731455 0.09846547314577997
4 0.5223785166240409 0.7755754475703327 0.13427109974424545 0.06265984654731468
4 0.12276214833759592 0.7698209718670077 0.11508951406649619 0.03580562659846549
4 0.14641943734015345 0.6157289002557544 0.10869565217391304 0.03452685421994879
4 0.33312020460358055 0.6726342710997443 0.05242966751918157 0.07672634271099753
4 0.3765984654731458 0.35805626598465473 0.05498721227621488 0.05882352941176478
4 0.3177749360613811 0.4968030690537084 0.10869565217391312 0.0421994884910486
4 0.1547314578005115 0.39066496163682873 0.12787723785166238 0.037084398976982055
