5 0.41680266557867535 0.7093023255813943 0.08574731402148789 0.09043927648578778
5 0.5768053855569156 0.6737726098191209 0.08221134230926168 0.08397932816537496
5 0.7350401196790425 0.6395348837209301 0.09281925744594031 0.06718346253229968
5 0.882666938664492 0.6059431524547803 0.09635522915816713 0.08010335917312666
5 0.8755949952400381 0.6976744186046513 0.08574731402148736 0.07751937984496111
5 0.7253161974704202 0.7280361757105931 0.08751529987760154 0.08397932816537415
5 0.6669726642186862 0.6976744186046511 0.007955936352509099 0.0025839793281653557
5 0.5741534067727448 0.7726098191214463 0.08751529987760077 0.09043927648578838
5 0.4185706514347885 0.8133074935400512 0.08751529987760097 0.07881136950904402
5 0.25458996328029376 0.8533591731266149 0.08486332109343123 0.08139534883720949
5 0.37392900856793143 0.7041343669250645 0.0035359717122263132 0.007751937984496209
