4 0.11060433295324971 0.28890564785012196 0.1322690992018244 0.09428719887995607
4 0.2645381984036488 0.28044397615576694 0.1345496009122007 0.10154006033226043
4 0.4179019384264538 0.28407040688191904 0.13112884834663624 0.1184634037209705
4 0.5763968072976055 0.2901144580921726 0.13112884834663632 0.11121054226866615
4 0.7291904218928164 0.2828615966398684 0.12884834663625994 0.0725286145230432
4 0.88654503990878 0.28769683760807124 0.12656784492588358 0.09186957839585468
4 0.11117445838084379 0.6829777867586566 0.12428734321550743 0.08945195791175323
4 0.2628278221208666 0.6793513560325043 0.13340935005701254 0.09670481936405764
4 0.4179019384264538 0.6805601662745551 0.13340935005701254 0.07978147597534757
4 0.5769669327251995 0.6817689765166057 0.13683010262257703 0.08703433742765171
4 0.7280501710376283 0.6781425457904535 0.12884834663625994 0.09428719887995612
4 0.8876852907639681 0.6757249253063522 0.14025085518814137 0.10879292178456473
