3 0.11030759181219615 0.15439276485788114 0.016428790269901565 0.04263565891472867
3 0.3039326199931787 0.15568475452196381 0.028163640462688377 0.04521963824289406
3 0.49403719311632527 0.15439276485788117 0.02346970038557363 0.04521963824289403
3 0.49345045060668596 0.48837209302325574 0.019949245327737584 0.05167958656330747
3 0.30099890744498203 0.4890180878552971 0.015255305250622903 0.047803617571059435
3 0.10913410679291748 0.4909560723514212 0.021122730347016283 0.04651162790697669
3 0.11030759181219615 0.8281653746770026 0.02346970038557366 0.04392764857881133
3 0.30099890744498203 0.832687338501292 0.02464318540485234 0.04521963824289415
3 0.49521067813560393 0.8320413436692508 0.02346970038557366 0.04651162790697683
4 0.7868217054263568 0.662144702842377 0.04107197567475406 0.09431524547803588
4 0.0598477359832128 0.15439276485788114 0.021122730347016283 0.03746770025839794
4 0.25053905161599865 0.1511627906976744 0.019949245327737584 0.038759689922480585
4 0.4429905947777026 0.15310077519379844 0.019949245327737584 0.03229974160206721
4 0.44357733728734194 0.4916020671834626 0.014081820231344154 0.034883720930232655
4 0.24995230910635932 0.49031007751937977 0.016428790269901548 0.03229974160206716
4 0.058674250963934124 0.48901808785529716 0.016428790269901548 0.03746770025839794
4 0.05926099347357346 0.8307493540051679 0.017602275289180225 0.036175710594315263
4 0.24877882408708069 0.8320413436692506 0.018775760308458907 0.036175710594315263
4 0.4424038522680632 0.8352713178294573 0.018775760308458872 0.032299741602067084
4 0.706437981605767 0.6440568475452195 0.025816670424131 0.060723514211886244
