3 0.3052692231035807 0.4307320261164027 0.05079137441645273 0.048720995704338035
3 0.351638164945551 0.40207707691081107 0.0165590518824024 0.047089803790581364
3 0.3761317625216055 0.4014733614776009 0.01586909138730249 0.048297234657007665
3 0.40166030084030957 0.39724735344511275 0.01586909138730249 0.04467494205773214
3 0.4237390366835132 0.38758790651371117 0.01586909138730256 0.04950466552343286
3 0.4475426737644668 0.38698419108049864 0.01379920990200219 0.048297234657007596
3 0.4699663898552204 0.3791358904487349 0.01586909138730256 0.04708980379058239
3 0.4923901059459739 0.3712875898169712 0.01379920990200219 0.048297234657007596
3 0.5144688417891774 0.3688727280841208 0.01379920990200226 0.05071209638985799
3 0.5355126368897308 0.35981699658593186 0.01586909138730256 0.04708980379058239
3 0.5572463924853842 0.3555909885534436 0.01379920990200226 0.048297234657007596
3 0.5772552468432873 0.35076126508774297 0.013799209902002119 0.048297234657007665
3 0.5976090814487405 0.3423092490227666 0.014489170397102312 0.043467511191306867
3 0.6176179358066437 0.33929067185670364 0.011729328416701818 0.04226008032488167
3 0.6365918494218967 0.33566837925742804 0.013799209902002119 0.042260080324881634
3 0.6555657630371498 0.33325351752457755 0.013109249406901995 0.04467494205773202
3 0.675229637147503 0.32600893232602646 0.01379920990200219 0.044674942057732064
3 0.6928236297725554 0.32178292429353833 0.011729328416701889 0.04588237292415729
3 0.7097276619025081 0.3157457699614123 0.013799209902002046 0.04588237292415729
3 0.7290465557653115 0.3091049001960737 0.01517913089220258 0.04467494205773202
3 0.7478383198098578 0.30662000747297063 0.013775061284673597 0.04660562401314593
5 0.5477386394325909 0.7768796697655503 0.042442052066229224 0.049788784391515434
3 0.8304886875179001 0.5838431158270286 0.021121760636499686 0.07071198126132487
3 0.8731913775003887 0.5669686657533033 0.023876772893434293 0.0658907098116891
