3 0.3215556360376266 0.14212938758529908 0.02138056481821174 0.0759715501154731
3 0.3499260008925614 0.14432087460786078 0.02055823540212671 0.08035452416059653
2 0.32032214191349895 0.26046968680363214 0.022202894234296836 0.08765948090246897
0 0.35568230680515683 0.25754770410688316 0.02713687073080713 0.09642542899271579
3 0.3223779654537116 0.3744270119768418 0.0213805648182117 0.075971550115473
3 0.3474590126443061 0.37223552495428003 0.018913576569956517 0.06866659337360076
3 0.3741847186670708 0.37734899467359073 0.019735905986041687 0.07889353281222214
3 0.39844343644158015 0.3766184989994035 0.02055823540212671 0.0715885760703496
3 0.3499260008925613 0.48692334580167695 0.02713687073080713 0.07597155011547307
1 0.38405267166009155 0.4847318587791152 0.03618249430774284 0.0715885760703496
4 0.32278913016175415 0.48327086743074077 0.018913576569956517 0.06866659337360069
