2 0.4375069729657672 0.45424087075895403 0.0645415365197384 0.01870446158758085
0 0.5131581182307063 0.45290483778841256 0.06559959449547179 0.01870446158758071
0 0.5951576113500461 0.4512347965752357 0.06454153651973826 0.020708511043392976
0 0.6655184667363181 0.450566780089965 0.06559959449547187 0.022044544013934412
3 0.4412101758808341 0.05911945894646066 0.029625623320535654 0.03406884074880784
3 0.40682329166949815 0.059453467189096026 0.02856756534480212 0.034736857234078586
3 0.3867201901305633 0.21409928352927282 0.03279979724773589 0.032732807778266385
3 0.3518042769313605 0.21309725880136668 0.02645144939333534 0.033400824263537104
3 0.3539203928828274 0.3012754348571047 0.02645144939333534 0.033400824263537104
3 0.3846040741790964 0.29893737715865704 0.028567565344802263 0.0354048737193493
1 0.4306295961235 0.3006074183718339 0.05501901473813753 0.03874495614570304
2 0.35815262478576104 0.25451428088815264 0.039148145102136385 0.04008098911624451
4 0.3576235957978943 0.18036445102310034 0.025393391417601947 0.026720659410829697
5 0.4332747410628335 0.12224701680454579 0.039148145102136385 0.040080989116244525
