1 0.25143103996177874 0.35984367478385265 0.03955095010634725 0.029029141792341163
3 0.19281088176844263 0.360297255124358 0.01836294112080406 0.024493338387287907
3 0.2182364925510944 0.361657996145874 0.024013076850282217 0.025400499068298502
2 0.24696944035134835 0.44646556017996375 0.0558137006097267 0.01256895543600855
2 0.3132935131538157 0.4476293523499643 0.052189434336367774 0.013965506040009573
2 0.37744302619226794 0.44832762765196493 0.05871311362841376 0.014431022908009794
2 0.44159253923071984 0.4490259029539653 0.05653855386439851 0.015827573512010817
3 0.19260423034592733 0.20310844978735632 0.02104973851566836 0.025910668872897738
3 0.21803933105235992 0.2033900874924965 0.021049738515668322 0.026473944283178064
3 0.194358375222233 0.15325857597754228 0.01929559363936267 0.024220842642056546
3 0.21672372239513066 0.15185038745184135 0.018418521201209792 0.023657567231776148
2 0.1912886216886981 0.25661961376399284 0.02017266607751548 0.030416872155140773
3 0.1904115492505452 0.30421638593268535 0.021926810953821166 0.02534739346261727
3 0.2167237223951306 0.3044980236378255 0.02368095583012689 0.025910668872897665
