3 0.382955281833427 0.3012512936384568 0.011767241347634254 0.028156066734552
3 0.397075971450588 0.3001471341586705 0.008237068943343999 0.02484358829519284
3 0.4091373938319133 0.29683465571931145 0.010002155145489197 0.027051907254765587
1 0.41325592830358515 0.4439639064008427 0.018239224088833127 0.028708146474445043
2 0.3826611007997361 0.34320935387033813 0.01588577581930636 0.03146854517391098
3 0.3826611007997361 0.3782664173535548 0.0147090516845428 0.026499827514872436
3 0.4000177817874966 0.37799037748360825 0.016474137886687928 0.028156066734551927
3 0.39884105765273326 0.4100110023974125 0.016474137886687997 0.027051907254765625
3 0.38472036803557186 0.40973496252746566 0.011767241347634254 0.029812305954231486
3 0.3808960145975909 0.44479202601068246 0.013532327549779524 0.027051907254765552
3 0.39531088524844293 0.4409274678314303 0.014120689617161161 0.03146854517391098
