3 0.34750560741617986 0.2834838020094321 0.01826395139512279 0.030636305566012254
3 0.364591239366456 0.2828946422870087 0.01826395139512279 0.030636305566012257
3 0.3810877115943087 0.2834838020094321 0.01826395139512279 0.030636305566012257
3 0.39876250326700796 0.28171632284216214 0.01826395139512279 0.030636305566012257
3 0.3492730865834497 0.3217791839669475 0.01826395139512279 0.030636305566012257
3 0.3657695588113026 0.3217791839669475 0.01826395139512279 0.030636305566012257
1 0.3893359477082351 0.3238412429954291 0.0288688263987423 0.03476042362297548
1 0.3893359477082351 0.3653770034262728 0.03122546528843557 0.04124118056963205
3 0.36635871853372587 0.3650824235650611 0.018263951395122716 0.030047145843589078
2 0.34986224630587304 0.2110171561513644 0.020620590284815988 0.032992944455705595
0 0.3790256525658271 0.21042799642894117 0.02003143056239267 0.04477613890417185
2 0.3843280900676369 0.5262176076478373 0.037706222235092145 0.022388069452086087
0 0.42792590952696213 0.5256284479254141 0.03652790279024543 0.018853111117546107
0 0.4679887706517475 0.5268067673702607 0.04006286112478534 0.022388069452085945
0 0.5098191109438028 0.5271013472314724 0.037706222235092 0.02062059028481613
