5 0.7000167460797941 0.526837332476757 0.05834519393032281 0.015075882679390204
5 0.6980719062821166 0.5563779134025895 0.05001016622599082 0.009778950927172047
5 0.6964049007412503 0.6119956968008805 0.05001016622599082 0.012631144947597196
5 0.6991832433093609 0.6407213651494484 0.05223284028047928 0.010593863504436314
5 0.6994610775661717 0.6969503329806878 0.05167717176685727 0.013853513813493805
5 0.6966827349980613 0.7258797294735717 0.050565834739612965 0.01222368865896513
3 0.7652320255963371 0.5012133942987421 0.030588368581477426 0.007983417361910555
3 0.7653616373276145 0.5845640731844033 0.030847592044031983 0.009694149653748596
2 0.7354530607979097 0.5104076814531919 0.02603373666541259 0.008351794530608955
2 0.7350462836625126 0.5945221835114685 0.03172861656097183 0.010738021539354537
2 0.7338259522563214 0.6789349639458383 0.030915062290177674 0.007755237778422668
3 0.7643342374111021 0.6699866126630432 0.02684729093620689 0.011334578291540822
