3 0.4181432262827612 0.15310077519379833 0.01163528977482451 0.04780361757105944
3 0.4294149132521229 0.14922480620155043 0.010908084163898149 0.042635658914728654
3 0.4210520487264674 0.35788113695090445 0.008726467331118499 0.03875968992248055
3 0.4305057216685124 0.3572351421188631 0.008726467331118499 0.03746770025839801
1 0.44504983388704317 0.35788113695090445 0.01745293466223693 0.0439276485788114
2 0.44941306755260224 0.5103359173126616 0.021816168327796436 0.02325581395348807
0 0.47450166112956793 0.5103359173126618 0.025452196382428877 0.025839793281654023
0 0.5006810631229236 0.5116279069767442 0.022543373938722838 0.025839793281653697
0 0.5254060538944261 0.5116279069767442 0.023997785160575803 0.020671834625322915
3 0.4301421188630492 0.31330749354005166 0.01236249538575116 0.04005167958656326
3 0.4305057216685124 0.24741602067183466 0.013089700996677677 0.04263565891472869
3 0.4177796234772979 0.24677002583979327 0.009453672942045016 0.036175710594315263
