3 0.3023668639053254 0.3562130177514793 0.05088757396449701 0.06863905325443788
3 0.3976331360946746 0.35680473372781063 0.04497041420118343 0.06982248520710059
3 0.4857988165680473 0.35798816568047337 0.034319526627218905 0.06745562130177518
3 0.5852071005917159 0.35976331360946745 0.05088757396449708 0.08284023668639051
4 0.663905325443787 0.3621301775147929 0.026035502958579856 0.04260355029585803
4 0.6183431952662722 0.7106508875739643 0.02958579881656803 0.05088757396449708
3 0.5544378698224852 0.7082840236686391 0.02721893491124259 0.05562130177514788
3 0.49171597633136094 0.7106508875739646 0.039053254437869785 0.05562130177514803
3 0.41834319526627217 0.7082840236686391 0.02958579881656803 0.04852071005917154
3 0.35384615384615387 0.7071005917159764 0.028402366863905328 0.04378698224852073
