3 0.2874771638344077 0.14121699196326062 0.07371209329087378 0.08725602755453499
3 0.3611892571252814 0.14408725602755457 0.058969674632699025 0.09299655568312284
3 0.28194875683759213 0.2583237657864524 0.06634088396178636 0.08955223880597017
3 0.35658225129460175 0.26061997703788753 0.0608124769649708 0.07807118254879451
3 0.2810273556714562 0.3800229621125144 0.06818368629405822 0.08036739380022966
3 0.365796262955961 0.3846153846153847 0.06449808162951456 0.07807118254879442
3 0.2902413673328154 0.5137772675086109 0.05712687230042711 0.0815154994259472
3 0.36395346062368916 0.516073478760046 0.06081247696497087 0.0838117106773823
3 0.28931996616667954 0.6526980482204362 0.07002648862633012 0.08151549942594713
3 0.36395346062368916 0.6538461538461539 0.07555489562314556 0.07921928817451203
1 0.45885778073568917 0.6504018369690013 0.09951132594267953 0.08381171067738237
