2 0.35011889771856114 0.21046866824424043 0.017722660866729852 0.03544532173345978
0 0.38028512898108 0.21046866824424043 0.013197726177351966 0.036199477515022734
3 0.351627209281687 0.28381031800123957 0.015460193522040982 0.028280841808611505
3 0.3672759417491187 0.2838103180012396 0.009804025160318659 0.02903499759017446
3 0.38179344054420594 0.2815478506565507 0.012443570395789081 0.029789153371737456
3 0.3995161014109358 0.2817363896019414 0.01621434930360401 0.027903763917830025
3 0.36708740280372804 0.3211410291886068 0.015460193522040982 0.026018374463922564
3 0.34974181982777963 0.322460801806342 0.013197726177352037 0.030166231262518897
3 0.3653905522952112 0.36488206451925925 0.017345582975948376 0.029789153371737456
1 0.39084330992296173 0.36620183713699445 0.023755907119233654 0.036199477515022734
1 0.389900615196008 0.3228378796971235 0.02488714079157809 0.03695363329658566
2 0.38594129734280247 0.5270255575552987 0.038839022750493155 0.018476816648292812
0 0.42855109900111044 0.5258943238829542 0.03431408806111527 0.0192309724298557
0 0.46720158280621277 0.5270255575552987 0.038461944859711605 0.016968505085166754
0 0.5086801507921764 0.5258943238829543 0.03770778907814865 0.015460193522040982
