1 0.3046050420168067 0.38705882352941173 0.066218487394958 0.09647058823529413
3 0.2152100840336135 0.38705882352941173 0.03310924369747898 0.10117647058823527
3 0.2516302521008404 0.3917647058823529 0.034433613445378125 0.10588235294117646
3 0.21256134453781514 0.5447058823529413 0.03310924369747898 0.10588235294117652
3 0.2516302521008404 0.5447058823529412 0.029136134453781503 0.11058823529411761
3 0.29003697478991597 0.5505882352941177 0.03443361344537817 0.1082352941176471
3 0.32844369747899166 0.5482352941176472 0.034433613445378125 0.11294117647058827
0 0.3204974789915967 0.7258823529411765 0.09270588235294117 0.05882352941176478
0 0.4218117647058824 0.72 0.09138151260504201 0.0517647058823529
0 0.5151798319327732 0.7176470588235294 0.08211092436974787 0.03764705882352928
0 0.6098722689075631 0.7247058823529412 0.08873277310924373 0.0564705882352942
