3 0.4531433538499597 0.2659188796953227 0.011552833515625239 0.046376966084230524
3 0.4531433538499594 0.31627101430105853 0.011552833515625239 0.046376966084230524
3 0.4535160258988506 0.3652980927329593 0.011552833515625239 0.046376966084230524
1 0.46674588363448577 0.36165418825491263 0.018633602444556852 0.04173926947580784
3 0.4516526656543951 0.1267879814426311 0.011552833515625239 0.046376966084230524
2 0.46972726002561527 0.5166857605936263 0.021614978835686072 0.020538370694444977
0 0.49208758295908356 0.5120480639852031 0.02161497883568593 0.020538370694444977
0 0.5137025617947696 0.5054227831160274 0.02161497883568593 0.020538370694444977
0 0.5360628847282379 0.49879750224685154 0.02161497883568593 0.020538370694444977
3 0.44252220045656215 0.2662501437387814 0.010434817368951884 0.043064325649642576
3 0.44345388057879004 0.3662918848633359 0.010807489417843002 0.04173926947580746
3 0.4436402166032356 0.12480039718187844 0.009689473271169575 0.03975168521505472
