2 0.25734296982766997 0.46124031007751937 0.06024751801985584 0.07235142118863046
2 0.26121602455751786 0.5348837209302325 0.06455091216413124 0.06201550387596908
2 0.3748256299663889 0.5348837209302326 0.06799362747955165 0.0697674418604651
2 0.37783800586738164 0.6130490956072352 0.061968875677565975 0.07105943152454784
2 0.4621845310951798 0.5839793281653747 0.061968875677565975 0.06718346253229981
2 0.4621845310951798 0.667312661498708 0.06369023333527615 0.06589147286821699
2 0.551264789881681 0.6459948320413438 0.06971498513726168 0.07235142118863039
2 0.5508344504672535 0.7280361757105943 0.06885430630840673 0.0736434108527132
2 0.6429270851547474 0.6996124031007751 0.07057566396611677 0.08139534883720927
2 0.6476608187134504 0.7848837209302326 0.07315770045268216 0.06589147286821713
3 0.25734296982766997 0.6143410852713178 0.05164072973130505 0.06589147286821706
