1 0.30561056105610557 0.7405940594059406 0.07128712871287128 0.31947194719471933
1 0.6115511551155116 0.5808580858085809 0.032343234323432384 0.11089108910891085
1 0.6432343234323432 0.5861386138613861 0.029702970297029695 0.1214521452145214
1 0.6722772277227723 0.5914191419141914 0.029702970297029695 0.1214521452145214
1 0.7026402640264027 0.5861386138613861 0.029702970297029695 0.1214521452145214
1 0.734983498349835 0.5887788778877886 0.029702970297029695 0.1214521452145214
1 0.7633663366336634 0.5861386138613861 0.029702970297029695 0.1214521452145214
1 0.7917491749174917 0.5834983498349835 0.029702970297029695 0.1214521452145214
1 0.8221122112211221 0.5755775577557756 0.029702970297029695 0.1214521452145214
1 0.868976897689769 0.5808580858085809 0.032343234323432314 0.12673267326732662
