1 0.2644458268202167 0.40826873385012924 0.07358492572388642 0.03875968992248062
3 0.17016514073648728 0.5762273901808785 0.04599057857742901 0.043927648578811394
3 0.21845524824278773 0.5788113695090439 0.032193405004200315 0.041343669250646045
3 0.25409794664029517 0.5807493540051679 0.03449293393307176 0.03746770025839801
3 0.29433970289554556 0.5794573643410853 0.032193405004200315 0.034883720930232516
2 0.17706372752310162 0.6550387596899224 0.05978775215065769 0.06718346253229975
0 0.47370295934751866 0.7713178294573644 0.11037738858582954 0.028423772609819053
0 0.6047761082931913 0.7790697674418604 0.10577833072808666 0.023255813953488344
2 0.17246466966535873 0.4683462532299742 0.0505896364351719 0.05555555555555557
2 0.17016514073648728 0.5200258397932817 0.0505896364351719 0.04263565891472872
