3 0.40126363599719383 0.32412296481651576 0.011516419815078506 0.0336998847977814
3 0.41278005581227234 0.3235211811594125 0.011516419815078506 0.0336998847977814
3 0.41684467457053537 0.4149922970391049 0.011516419815078506 0.0336998847977814
3 0.40363466360618055 0.4173994316675178 0.011516419815078506 0.0336998847977814
1 0.42734493969604825 0.4721617444639126 0.01829078441218364 0.04332842331143318
3 0.40329594537632524 0.47396709543522214 0.011516419815078506 0.0336998847977814
3 0.4127800558122723 0.4727635281210157 0.011516419815078506 0.0336998847977814
2 0.4354741772125742 0.5594203747438823 0.023032839630157086 0.021664211655716557
0 0.46121676268157347 0.5609248338866404 0.02506514900928856 0.02226599531281991
0 0.4871287072655002 0.56273018485795 0.024726430779433456 0.018655293370200426
0 0.5128712927344994 0.5606239420580889 0.02608130369885437 0.02046064434151006
