3 0.5188118811881188 0.4572640664876204 0.07128712871287135 0.08568832591761194
3 0.5165016501650165 0.34197431888937885 0.07458745874587457 0.08880426504188882
3 0.633003300330033 0.3443112732325864 0.06996699669967008 0.08101441723119678
3 0.6336633663366337 0.4409053860851672 0.08580858085808579 0.07166659985836638
1 0.6316831683168317 0.202536043077992 0.07920792079207928 0.15579695621384002
1 0.5171617161716171 0.2072099517644072 0.08514851485148511 0.1589128953381168
0 0.0858085808580858 0.46583289907938163 0.10297029702970298 0.10905786934968795
2 0.08514851485148515 0.27108670381208166 0.08844884488448844 0.1059419302254112
3 0.19174917491749174 0.34586924279472486 0.0706270627062706 0.0841303563554736
3 0.19636963696369641 0.24304325169359045 0.06666666666666668 0.07166659985836642
3 0.35478547854785475 0.34119533410830966 0.07458745874587457 0.08413035635547363
3 0.35445544554455444 0.46349594473617406 0.06600660066006597 0.08880426504188875
