0 0.37938051306397 0.24267681758544135 0.023530600668507803 0.03451154764714477
0 0.40694493098993617 0.2429009185441891 0.014118360401104653 0.03137413422467706
0 0.380052815940213 0.3045286821998047 0.011429148896132304 0.032718739977163264
0 0.4082895367424224 0.30340817740606624 0.0100845431436462 0.03137413422467706
0 0.42879477446783626 0.3056491869935432 0.009412240267403078 0.028684922719704745
0 0.38375048175954996 0.36324313339170033 0.010756846019889252 0.030925932307181582
0 0.4066087795518146 0.36346723435044803 0.008067634514916974 0.028684922719704672
0 0.431147834534687 0.3636913353091958 0.006050725886187749 0.03182233614217239
0 0.38307817888330686 0.42262988745983904 0.014790663277347705 0.03137413422467695
0 0.41064259680927323 0.42352629129482977 0.012101451772375427 0.02778851888471401
