1 0.5926181404108088 0.3365633074935401 0.0191608636622432 0.04263565891472862
3 0.5643330559570213 0.23708010335917315 0.010036642870698814 0.03488372093023262
3 0.5784755981839151 0.23901808785529716 0.014598753266471079 0.03359173126614991
3 0.5625082117987125 0.28682170542635654 0.010036642870698814 0.041343669250645976
3 0.5757383319464519 0.28617571059431524 0.010949064949853237 0.034883720930232585
3 0.5752821209068746 0.33785529715762275 0.010036642870698814 0.03746770025839794
2 0.6003737280836217 0.5264857881136951 0.029197506532942015 0.01679586563307488
0 0.6313960787748727 0.5232558139534883 0.027372662374633237 0.020671834625323057
0 0.6642432736244327 0.5258397932816538 0.03102235069125089 0.02067183462532298
0 0.696634257434415 0.5251937984496124 0.03193477277040552 0.024547803617571088
3 0.5830377085796874 0.1711886304909561 0.02007328574139777 0.04521963824289407
2 0.5634206338778669 0.17183462532299743 0.013686331187316582 0.04651162790697672
