3 0.33929330474680625 0.40373882447248605 0.01314771370580182 0.03600608855609302
3 0.31527344316889916 0.40190177913799163 0.012642032409424821 0.03821054295748645
3 0.2915064222391805 0.40300400633868827 0.012642032409424787 0.03747572482368867
3 0.2695092858467813 0.404106233539385 0.020227251855079766 0.04261945176027332
5 0.678386695504233 0.6771349102946878 0.024272702226095504 0.05070245123204941
5 0.6450117299433517 0.6738282286925977 0.025284064818849643 0.0470283605630604
1 0.678386695504233 0.4309708354724194 0.027306790004357567 0.041884633626475536
3 0.6351509446640002 0.432440471740015 0.016687482780440775 0.04041499735887996
3 0.6541139932781374 0.43170565360621715 0.015170438891309885 0.03600608855609295
3 0.6381850324422621 0.47616215070098505 0.014664757594932638 0.04261945176027332
3 0.6556310371672684 0.4768969688347829 0.012136351113047965 0.03821054295748638
3 0.6697901134658241 0.4768969688347829 0.009102263334785903 0.033801634154699514
3 0.6852133930053225 0.4776317869685807 0.01163066981667086 0.03674090668989081
