0 0.36912711626713446 0.3578811369509044 0.04562245257234245 0.07493540051679588
5 0.31313592447380517 0.3953488372093023 0.029032469818763396 0.043927648578811394
3 0.31002530270750905 0.2997416020671835 0.018663730597776436 0.028423772609819088
3 0.3317996550715815 0.29715762273901786 0.016589982753579004 0.03359173126614986
3 0.38053272941022015 0.29780361757105944 0.03525371335135553 0.03229974160206716
3 0.3515002595914568 0.29521963824289404 0.026958721974566016 0.03229974160206716
1 0.31209905055170645 0.454780361757106 0.04769620041653983 0.03359173126614984
2 0.3183202940842985 0.4302325581395349 0.0601386874817241 0.015503875968992276
5 0.36809024234503585 0.5801033591731266 0.060138687481724136 0.018087855297157632
1 0.4344501733593521 0.6472868217054264 0.060138687481724136 0.028423772609819126
