3 0.3253846153846154 0.32248520710059175 0.06489151873767256 0.07692307692307697
3 0.4329191321499014 0.3153846153846154 0.0834319526627219 0.08875739644970417
3 0.4421893491124261 0.2165680473372781 0.06118343195266263 0.0757396449704142
3 0.34392504930966467 0.22011834319526627 0.0611834319526627 0.07337278106508877
3 0.3550493096646943 0.13550295857988165 0.06859960552268247 0.06508875739644969
3 0.45238658777120316 0.13550295857988165 0.07786982248520716 0.06745562130177514
3 0.44960552268244575 0.05029585798816569 0.05005917159763314 0.06272189349112427
3 0.3569033530571993 0.05147928994082839 0.05376725838264299 0.07692307692307691
3 0.32816568047337286 0.44201183431952656 0.08899408284023672 0.10532544378698226
3 0.44218934911242597 0.4372781065088757 0.07601577909270212 0.10295857988165678
