5 0.1460991348374482 0.6306041464427219 0.028584613337761605 0.04446495408096268
5 0.19294614002989086 0.6302071379241418 0.0317606814864018 0.04525897111812263
3 0.14530511780028818 0.5555695364310976 0.019056408891841094 0.03890683482084214
3 0.1635675096549692 0.5555695364310976 0.017468374817520935 0.040494868895162316
3 0.1865940037326105 0.5575545790239977 0.01746837481752099 0.034936749635041904
3 0.20485639558729155 0.5579515875425778 0.020644442966161164 0.03890683482084214
2 0.14490810928170816 0.4428191171543713 0.0214384600033212 0.05002307334108281
2 0.14451110076312812 0.5027674034599546 0.02223247704048127 0.04764102222960261
3 0.14292306668880803 0.384855873441688 0.019056408891841077 0.04208290296948235
3 0.16277349261780913 0.38485587344168803 0.019056408891841042 0.046847005192442524
1 0.19453417410421092 0.38564989047884807 0.030172647412081657 0.04049486889516217
