3 0.4073236080935729 0.05862139238111973 0.028927908020391156 0.03711706251266877
3 0.4376512535988218 0.05921055210354305 0.0279947496971527 0.03711706251266879
2 0.4334520411442482 0.12666934032101212 0.06625424094992835 0.07894740280472366
5 0.4059238706087153 0.1257856007373775 0.00559894993943054 0.002945798612116555
2 0.35739963780031714 0.25628447925414155 0.041058966222490625 0.041241180569631976
3 0.35460016283060186 0.30400641677043 0.03732633292953693 0.03652790279024547
3 0.38772728330556566 0.30400641677042994 0.02892790802039141 0.036527902790245474
1 0.42878624952805666 0.303122677186795 0.05132370777811339 0.04772193751628834
0 0.5160365527508496 0.45247466682110515 0.07092003256612045 0.0200314305623926
0 0.5948884310644965 0.45424214598837503 0.08118477412174294 0.021209750007239306
0 0.6700076760851894 0.45394756612716336 0.06718739927316662 0.019442270839969356
