2 0.35005255413783837 0.4975923848169684 0.05240710023560723 0.013231663187522358
0 0.4064909697761847 0.49553919570166316 0.0524071002356073 0.014600455931059172
3 0.2724497326351122 0.283832584701305 0.023516006515977638 0.02737585487073595
3 0.2983173398026876 0.2852013774448418 0.022844120615521143 0.031025968853500778
3 0.32284117516934996 0.2833763204534594 0.018140919312325608 0.03285102584488314
3 0.34702906758578406 0.282691924081691 0.023516006515977565 0.03148223310134636
3 0.2969735680017746 0.329459009485865 0.025531664217347122 0.03193849734919191
3 0.2939500814497203 0.19121094238864839 0.023516006515977638 0.03558861133195677
0 0.30234865520542653 0.23820615991674512 0.025531664217347157 0.03832619681903033
2 0.2674105883816884 0.2359248386775171 0.025531664217347084 0.03650113982764793
1 0.332247577775741 0.32831834886625094 0.032922409122368636 0.03513234708411119
