2 0.38176506245018177 0.34541767282991087 0.00882982533991644 0.02926022621433823
3 0.395892782994048 0.3788184970934479 0.01236175547588303 0.030916465434017867
3 0.3799990973821984 0.3782664173535548 0.017070995657171864 0.028708146474445115
3 0.380293424893529 0.4086308030476794 0.012950410498544116 0.02208318959572708
3 0.39736442055070076 0.41166724161709184 0.012950410498544188 0.025947747774979105
3 0.3797047698708678 0.44175558744126986 0.01412772054386636 0.022083189595727148
3 0.39500980046005635 0.4409274678314301 0.01059579040789977 0.022635269335620264
1 0.4170843638098476 0.4442399462707893 0.017070995657171864 0.029260226214338374
0 0.5133294600149371 0.5436142994515607 0.03178737122369924 0.01711447193668846
0 0.48242507132522944 0.5444424190614005 0.025312165974427144 0.014354073237222592
3 0.38147073493885114 0.2987669348089375 0.0105957904078997 0.025395668035086024
3 0.3970700930393703 0.3001471341586705 0.013539065521205273 0.024843588295192908
3 0.4100205035379143 0.30069921389856363 0.00882982533991644 0.02484358829519284
