0 0.3400751278772378 0.321611253196931 0.055386828644501306 0.06521739130434781
5 0.21711636828644504 0.5850383631713556 0.055386828644501306 0.02429667519181592
3 0.3539218350383632 0.5863171355498722 0.034339833759590876 0.02685421994884912
3 0.5815617007672635 0.44820971867007686 0.02215473145780045 0.02941176470588239
3 0.599839354219949 0.44820971867007686 0.01218510230179028 0.02941176470588239
3 0.5868209347744251 0.5614108353418344 0.013975944241820528 0.037274748040084515
3 0.6024836309074998 0.5633580236722866 0.013494015130033503 0.037831087563071006
3 0.5853751474390643 0.6123159016950842 0.014939802465394295 0.03671840851709824
3 0.603688453686967 0.6142630900255364 0.013975944241820457 0.037274748040084446
3 0.626821051052739 0.6148194295485228 0.015903660688968202 0.03282403185619387
